ellipse:51.01635564720241 100.0;53.212864376935 110.10364031622137;55.965075680493 119.98621480360755;58.8352981128259 129.35584637864406;65.13865223669714 137.62111699095354;73.66463666129324 143.7377870948598;83.97411641101282 146.9727874148365;94.97989067119335 149.70671091565458;105.87874418660698 150.39474059003115;117.24828030288674 148.603816357068;127.76784231384573 144.6446966157917;136.4197569095372 138.78469324906942;143.16832634864258 131.3453605699318;148.47144713292738 123.3651804178117;149.67463884294438 113.99337899128244;150.32206891587882 104.10556988807352;149.3428342095211 94.04678029058645;148.4492492227996 84.38196771157189;146.252740493067 74.27832739535052;141.30437700461593 65.40263989214499;133.6344832126053 58.03766272438306;124.95913062460892 52.08498931785092;114.75953631791515 50.61597537598007;103.51612532461672 50.39474059003115;92.11070301895916 52.34054615179889;81.0585402756324 54.76093453789543;72.48304809417483 60.50274525208452;64.3548593799718 66.64903160097126;57.42487851509996 72.699025365012;52.95514312501001 81.14593963129627;51.33428751460072 90.35355594704488;50.32206891587881 99.58359762216031;next
rectangle:52.07971986919398 100.00000000000001;59.04609610812764 94.40237784129798;66.0760087740793 88.21509371794635;73.10592144003095 82.02780959459471;80.13583410598261 75.8405254712431;87.16574677193427 69.65324134789147;94.19565943788591 63.465957224539835;101.40872379162221 57.65121580295841;108.54759937204912 51.9017706433706;115.236190389466 52.22105556409988;121.38690770975214 58.98127035420732;126.90003340548873 66.87081784996414;132.61197609249413 74.36429636186178;138.62300997805067 81.55417028118094;144.86041147030178 87.80888145314273;150.37640752253202 95.69439544908045;146.84604076277571 101.99127898399894;139.8161280968241 108.17856310735056;133.06494048027844 114.65427230952676;126.03502781432681 120.8415564328784;119.00511514837513 127.02884055623002;111.97520248242348 133.21612467958164;104.94528981647184 139.40340880293328;97.91537715052019 145.5906929262849;91.20159735086926 151.90177064337058;85.02849780755014 145.55670069543157;79.43307725708544 137.78279607622767;73.91995156134885 129.89324858047084;68.40682586561228 122.00370108471401;62.89370016987569 114.11415358895718;57.38057447413911 106.22460609320035;50.37640752253203 100.96540648146365;